#include <iostream>
using namespace std;
int main() {
	setlocale(0, "");
	
	
	cout << "~Карты лабиринтов~\n";
	cout << " ~[1] Карта 15х15~\n";
	cout << " ~[2] Карта 20x20~\n";
	cout << " ~[3] Карта 30х30~\n\n";
	cout << "~ Выберите карту: ";
	int choice;
	cin >> choice;
	switch (choice)
	{
	case 1: {
		int arr[15][15] = {
		  { 1, 1, 1, 1, 1, 1, 0, 1, 1, 1, 1, 1, 1, 1,1},
		  {  1, 1, 1, 1, 0, 1, 1, 1, 1, 1, 1, 1, 1, 1},
		  {1, 1, 1, 1, 1, 1, 0, 1, 1, 1, 1, 1, 1, 1, 1},
		  {1, 1, 1, 1, 1, 1, 1, 0, 1, 1, 1, 1, 1, 1, 1},
		  {1, 1, 1, 1, 1, 1, 1, 1, 0, 1, 1, 1, 1, 1, 1},
		  {1, 1, 1, 1, 1, 1, 1, 1, 0, 1, 1, 1, 1, 1, 1},
		  {1, 1, 1, 1, 1, 1, 1, 1, 0, 1, 1, 1, 1, 1, 1},
		  {1, 1, 1, 1, 1, 1, 1, 1, 1, 0, 1, 1, 1, 1, 1},
		  {1, 1, 1, 1, 1, 1, 1, 1, 1, 0, 1, 1, 1, 1, 1},
		  {1, 1, 1, 1, 1, 1, 1, 1, 0, 1, 1, 1, 1, 1, 1},
		  {1, 1, 1, 1, 1, 1, 1, 0, 1, 1, 1, 1, 1, 1, 1},
		  {1, 1, 1, 1, 1, 1, 0, 1, 1, 1, 1, 1, 1, 1, 1},
		  {1, 1, 1, 1, 1, 1, 0, 1, 1, 1, 1, 1, 1, 1, 1},
		  {1, 1, 1, 1, 1, 1, 0, 1, 1, 1, 1, 1, 1, 1, 1},
		  {1, 1, 1, 1, 1, 1, 0, 1, 1, 1, 1, 1, 1, 1, 1},


		};
		for (int i = 0; i < 15; i++) {
			for (int j = 0; j < 15; j++) {
				if (arr[i][j] == 0) {
					cout << "  ";
				}
				else {
					cout << "~ ";
				}


			}
			cout << "\n";

		} }
		break;
	case 2: {



		int arr1[20][20] = {
			  { 1, 0, 1, 1, 1, 1, 1, 1, 1, 1, 1, 1, 1, 1, 1, 1, 1, 1, 1, 1},
			  {  0, 1, 1, 1, 1, 1, 1, 1, 1, 1, 1, 1, 1, 1, 1, 1, 1, 1, 1},
			  {1, 1, 0, 1, 1, 1, 1, 1, 1, 1, 1, 1, 1, 1, 1, 1, 1, 1, 1, 1,},
			  {1, 1, 1, 0, 1, 1, 1, 1, 1, 1, 1, 1, 1, 1, 1, 1, 1, 1, 1, 1,},
			  {1, 1, 1, 1, 0, 1, 1, 1, 1, 1, 1, 1, 1, 1, 1, 1, 1, 1, 1, 1,},
			  {1, 1, 1, 1, 0, 1, 1, 1, 1, 1, 1, 1, 1, 1, 1, 1, 1, 1, 1, 1,},
			  {1, 1, 1, 1, 1, 0, 1, 1, 1, 1, 1, 1, 1, 1, 1, 1, 1, 1, 1, 1,},
			  {1, 1, 1, 1, 1, 1, 0, 1, 1, 1, 1, 1, 1, 1, 1, 1, 1, 1, 1, 1,},
			  {1, 1, 1, 1, 1, 0, 1, 1, 1, 1, 1, 1, 1, 1, 1, 1, 1, 1, 1, 1,},
			  {1, 1, 1, 1, 0, 1, 1, 1, 1, 1, 1, 1, 1, 1, 1, 1, 1, 1, 1, 1,},
			  {1, 1, 1, 1, 1, 0, 1, 1, 1, 1, 1, 1, 1, 1, 1, 1, 1, 1, 1, 1,},
			  {1, 1, 1, 1, 1, 0, 1, 1, 1, 1, 1, 1, 1, 1, 1, 1, 1, 1, 1, 1,},
			  {1, 1, 1, 1, 1, 1, 0, 1, 1, 1, 1, 1, 1, 1, 1, 1, 1, 1, 1, 1,},
			  {1, 1, 1, 1, 1, 0, 1, 1, 1, 1, 1, 1, 1, 1, 1, 1, 1, 1, 1, 1,},
			  {1, 1, 1, 1, 1, 1, 0, 1, 1, 1, 1, 1, 1, 1, 1, 1, 1, 1, 1, 1,},
			  {1, 1, 1, 1, 1, 1, 0, 1, 1, 1, 1, 1, 1, 1, 1, 1, 1, 1, 1, 1,},
			  {1, 1, 1, 1, 1, 1, 1, 0, 1, 1, 1, 1, 1, 1, 1, 1, 1, 1, 1, 1,},
			  {1, 1, 1, 1, 1, 1, 1, 1, 0, 1, 1, 1, 1, 1, 1, 1, 1, 1, 1, 1,},
			  {1, 1, 1, 1, 1, 1, 1, 1, 1, 0, 1, 1, 1, 1, 1, 1, 1, 1, 1, 1,},
			  {1, 1, 1, 1, 1, 1, 1, 1, 1, 0, 1, 1, 1, 1, 1, 1, 1, 1, 1, 1,},

		};
		for (int i = 0; i < 20; i++) {
			for (int j = 0; j < 20; j++) {
				if (arr1[i][j] == 0) {
					cout << "  ";
				}
				else {
					cout << "~ ";
				}


			}
			cout << "\n";

		} }
		break;
	case 3: {
		int  arr2[30][30] = {
		   { 1, 0, 1, 1, 1, 1, 1, 1, 1, 1, 1, 1, 1, 1, 1, 1, 0, 1, 1, 1, 1, 1, 1, 1, 1, 1, 1, 1, 1, 1},
		   {  0, 1, 1, 1, 1, 1, 1, 1, 1, 1, 1, 1, 1, 1, 1, 0, 1, 1, 1, 1, 1, 1, 1, 1, 1, 1, 1, 1, 1},
		   {1, 1, 0, 1, 1, 1, 1, 1, 1, 1, 1, 1, 1, 1, 1, 1, 1, 0, 0, 0,1, 1, 1, 1, 1, 1, 1, 1, 1, 1},
		   {1, 1, 1, 0, 1, 1, 1, 1, 1, 1, 1, 1, 1, 1, 1, 1, 1, 1, 1, 0,1, 1, 1, 1, 1, 1, 1, 1, 1, 1},
		   {1, 1, 1, 1, 0, 1, 1, 1, 1, 1, 1, 1, 1, 1, 1, 1, 1, 1, 1, 0,1, 1, 1, 1, 1, 1, 1, 1, 1, 1},
		   {1, 1, 1, 1, 0, 1, 1, 1, 1, 1, 1, 1, 1, 1, 1, 1, 1, 1, 1, 0,1, 1, 1, 1, 1, 1, 1, 1, 1, 1},
		   {1, 1, 1, 1, 1, 0, 1, 1, 1, 1, 1, 1, 1, 1, 1, 1, 1, 1, 1, 0,1, 1, 1, 1, 1, 1, 1, 1, 1, 1},
		   {1, 1, 1, 1, 1, 1, 0, 1, 1, 1, 1, 1, 1, 1, 1, 1, 1, 1, 1, 0,1, 1, 1, 1, 1, 1, 1, 1, 1, 1},
		   {1, 1, 1, 1, 1, 0, 1, 1, 1, 1, 1, 1, 1, 1, 1, 1, 1, 1, 0, 0,1, 1, 1, 1, 1, 1, 1, 1, 1, 1},
		   {1, 1, 1, 1, 0, 1, 1, 1, 1, 1, 1, 1, 1, 1, 1, 1, 1, 1, 0, 1,1, 1, 1, 1, 1, 1, 1, 1, 1, 1},
		   {1, 1, 1, 1, 1, 0, 1, 1, 1, 1, 1, 1, 1, 1, 1, 1, 1, 1, 0, 1,1, 1, 1, 1, 1, 1, 1, 1, 1, 1},
		   {1, 1, 1, 1, 1, 0, 1, 1, 1, 1, 1, 1, 1, 1, 1, 1, 1, 1, 0, 1,1, 1, 1, 1, 1, 1, 1, 1, 1, 1},
		   {1, 1, 1, 1, 1, 1, 0, 1, 1, 1, 1, 1, 1, 1, 1, 0, 0, 0, 1, 1,1, 1, 1, 1, 1, 1, 1, 1, 1, 1},
		   {1, 1, 1, 1, 1, 0, 1, 1, 1, 1, 1, 1, 1, 1, 1, 0, 1, 1, 1, 1,1, 1, 1, 1, 1, 1, 1, 1, 1, 1},
		   {1, 1, 1, 1, 1, 1, 0, 1, 1, 1, 1, 1, 1, 1, 1, 0, 1, 1, 1, 1,1, 1, 1, 1, 1, 1, 1, 1, 1, 1},
		   {1, 1, 1, 1, 1, 1, 0, 1, 1, 1, 1, 1, 1, 1, 1, 0, 1, 1, 1, 1,1, 1, 1, 1, 1, 1, 1, 1, 1, 1},
		   {1, 1, 1, 1, 1, 1, 1, 0, 1, 1, 1, 1, 1, 1, 1, 1, 0, 1, 1, 1,1, 1, 1, 1, 1, 1, 1, 1, 1, 1},
		   {1, 1, 1, 1, 1, 1, 1, 1, 0, 1, 1, 1, 1, 1, 1, 1, 1, 0, 1, 1,1, 1, 1, 1, 1, 1, 1, 1, 1, 1},
		   {1, 1, 1, 1, 1, 1, 1, 1, 1, 0, 1, 1, 1, 1, 1, 1, 1, 0, 1, 1,1, 1, 1, 1, 1, 1, 1, 1, 1, 1},
		   {1, 1, 1, 1, 1, 1, 1, 1, 1, 0, 1, 1, 1, 1, 1, 1, 1, 0, 1, 1,1, 1, 1, 1, 1, 1, 1, 1, 1, 1},
		   {1, 1, 1, 0, 1, 1, 1, 1, 1, 1, 1, 1, 1, 1, 1, 1, 1, 0, 1, 1,1, 1, 1, 1, 1, 1, 1, 1, 1, 1},
		   {1, 1, 1, 0, 1, 1, 1, 1, 1, 1, 1, 1, 1, 1, 1, 1, 1, 0, 1, 1,1, 1, 1, 1, 1, 1, 1, 1, 1, 1},
		   {1, 1, 1, 0, 1, 1, 1, 1, 1, 1, 1, 1, 1, 1, 1, 1, 1, 0, 1, 1,1, 1, 1, 1, 1, 1, 1, 1, 1, 1},
		   {1, 1, 1, 0, 1, 1, 1, 1, 1, 1, 1, 1, 1, 1, 1, 1, 1, 0, 1, 1,1, 1, 1, 1, 1, 1, 1, 1, 1, 1},
		   {1, 1, 1, 0, 1, 1, 1, 1, 1, 1, 1, 1, 1, 1, 1, 1, 0, 0, 1, 1,1, 1, 1, 1, 1, 1, 1, 1, 1, 1},
		   {1, 1, 1, 0, 1, 1, 1, 1, 1, 1, 1, 1, 1, 1, 1, 1, 0, 1, 1, 1,1, 1, 1, 1, 1, 1, 1, 1, 1, 1},
		   {1, 1, 1, 0, 1, 1, 1, 1, 1, 1, 1, 1, 1, 1, 1, 1, 0, 1, 1, 1,1, 1, 1, 1, 1, 1, 1, 1, 1, 1},
		   {1, 1, 1, 0, 1, 1, 1, 1, 1, 1, 1, 1, 1, 1, 1, 1, 0, 1, 1, 1,1, 1, 1, 1, 1, 1, 1, 1, 1, 1},
		   {1, 1, 1, 1, 1, 1, 1, 1, 1, 1, 1, 1, 1, 1, 1, 1, 0, 1, 1, 1,1, 1, 1, 1, 1, 1, 1, 1, 1, 1},
		   {1, 1, 1, 1, 1, 1, 1, 1, 1, 1, 1, 1, 1, 1, 1, 1, 0, 1, 1, 1,1, 1, 1, 1, 1, 1, 1, 1, 1, 1},


		};
		for (int i = 0; i < 20; i++) {
			for (int j = 0; j < 20; j++) {
				if (arr2[i][j] == 0) {
					cout << "  ";
				}
				else {
					cout << "~ ";
				}


			}
			cout << "\n";
		} } 
		break;

	}
	int _; cin >> _;
	return 0;
}
